place(2.627, -6.368, 6.793, "Brawler", 600)
place(1.807, -6.368, 4.338, "Scout", 250)
upgrade(1.807, -5.018, 4.338, 150)
place(4.716, -6.368, 5.175, "Scout", 250)
upgrade(2.627, -5.018, 6.793, 300)
upgrade(2.627, -5.018, 6.793, 850)
upgrade(4.716, -5.018, 5.175, 150)
place(0.317, -6.368, 1.568, "Scout", 250)
upgrade(0.317, -5.018, 1.568, 150)
place(3.315, -6.368, 1.703, "Scout", 250)
upgrade(3.315, -5.018, 1.703, 150)
place(6.222, -6.368, 2.504, "Scout", 250)
upgrade(6.222, -5.018, 2.504, 150)
place(-2.045, -6.368, -0.357, "Scout", 250)
upgrade(-2.045, -5.018, -0.357, 150)
place(0.748, -6.368, -1.461, "Scout", 250)
upgrade(0.748, -5.018, -1.461, 150)
place(3.790, -6.368, -1.298, "Scout", 250)
upgrade(3.790, -5.018, -1.298, 150)
place(6.724, -6.368, -0.478, "Scout", 250)
upgrade(6.724, -5.018, -0.478, 150)
place(-4.674, -6.368, -2.019, "Scout", 250)
upgrade(-4.674, -5.018, -2.019, 150)
place(9.543, -6.368, -1.537, "Scout", 250)
upgrade(9.543, -5.018, -1.537, 150)
place(-7.674, -6.368, -2.347, "Scout", 250)
upgrade(-7.674, -5.018, -2.347, 150)
place(-10.801, -6.368, -1.962, "Scout", 250)
upgrade(-10.801, -5.018, -1.962, 150)
place(-13.503, -6.368, -0.625, "Scout", 250)
upgrade(-13.503, -5.018, -0.625, 150)
place(-15.634, -6.368, 1.596, "Scout", 250)
upgrade(-15.634, -5.018, 1.596, 150)
place(-17.029, -6.368, 4.373, "Scout", 250)
upgrade(-17.029, -5.018, 4.373, 150)
place(-17.627, -6.368, 7.359, "Scout", 250)
upgrade(1.807, -5.018, 4.338, 500)
upgrade(4.716, -5.018, 5.175, 500)
upgrade(6.222, -5.018, 2.504, 500)
upgrade(3.315, -5.018, 1.703, 500)
